OriginalWithoutCosine
MSE:  1.39524307703
MAE:  0.907555416245
R2 : 0.159803923687

OriginalWithCosine
MSE:  1.2663450975
MAE:  0.83793263437
R2 :  0.237424503519

ReducedWithCosine
MSE:  1.18079246315
MAE:  0.869860658342
R2 :  0.288943116214
